Test 1: A
--- Input ---
3 21
3 08 00 00
0 0 08 00 00
0 1 08 00 03
0 2 08 00 00
1 0 09 41 32
1 2 09 42 30
1 1 09 42 36
2 1 11 18 32
2 0 11 20 20
2 2 11 30 30
-1

--- Expected output (text)---
start
gara regolare
end

Test 2: B
--- Input ---
5 10 20 30
5 12 00 00
0 0 12 00 00
0 4 12 00 00
0 1 12 00 03
0 3 12 00 01
0 2 12 00 00
1 0 12 50 46
1 2 12 51 15
1 1 12 51 18
1 4 12 51 19
2 4 13 31 12
2 1 13 34 16
2 0 13 35 10
2 3 13 20 10
2 2 13 45 15
3 0 14 30 46
3 2 14 31 15
3 1 14 31 18
3 3 14 31 19
4 4 15 21 12
4 1 15 23 10
4 0 15 16 10
4 3 15 01 17
4 2 15 22 14
-1

--- Expected output (text)---
start
3: salto sensore
4: salto sensore
end

Test 3: C
--- Input ---
5 10 20 30
5 12 00 00
0 0 12 00 00
0 4 12 00 00
0 1 12 00 03
0 2 12 00 01
0 3 12 00 00
1 0 12 50 46
1 3 12 51 15
1 1 12 51 18
1 4 12 51 19
1 2 12 51 20
2 4 13 31 12
2 1 13 34 16
2 0 13 35 10
2 2 13 18 10
2 3 13 45 15
3 0 14 30 46
3 4 14 30 58
3 3 14 31 15
3 1 14 31 18
3 2 14 31 19
4 2 15 21 12
4 1 15 23 10
4 0 15 16 10
4 4 15 01 17
4 3 15 22 14
-1

--- Expected output (text)---
start
2: tempo sospetto
4: tempo sospetto
end


Test 4: D
--- Input ---
5 10 20 30
5 12 00 00
0 0 12 00 00
0 4 12 00 00
0 1 12 00 03
0 2 12 00 01
0 3 12 00 00
1 0 12 50 46
1 3 12 51 15
1 1 12 51 18
1 4 12 51 19
1 2 13 01 20
2 4 13 31 12
2 1 13 34 16
2 0 13 35 10
2 2 13 25 15
3 0 14 30 46
3 4 14 30 58
3 2 14 31 15
3 1 14 31 18
3 3 14 31 19
4 3 15 21 12
4 1 15 23 10
4 0 15 16 10
4 4 15 01 17
4 2 15 22 14
-1

--- Expected output (text)---
start
2: tempo sospetto
3: salto sensore
4: tempo sospetto
end
