Test 1: A
--- Input ---
3 4 5 11
0 1 2 3 4 5 6 7 8 9 10

--- Expected output (text)---
start
strato:0
0 -1 -1 -1 -1
1 -1 -1 -1 -1
2 -1 -1 -1 -1
3 -1 -1 -1 -1
strato:1
4 -1 -1 -1 -1
5 -1 -1 -1 -1
6 -1 -1 -1 -1
7 -1 -1 -1 -1
strato:2
8 -1 -1 -1 -1
9 -1 -1 -1 -1
10 -1 -1 -1 -1
-1 -1 -1 -1 -1
end

Test 2: B
--- Input ---
3 4 5 100
0 1 2 3 4 5 6 7 8 9 10
0 1 2 3 4 5 6 7 8 9 10
0 1 2 3 4 5 6 7 8 9 10
0 1 2 3 4 5 6 7 8 9 10
0 1 2 3 4 5 6 7 8 9 10
0 1 2 3 4 5 6 7 8 9 10
0 1 2 3 4 5 6 7 8 9 10
0 1 2 3 4 5 6 7 8 9 10
0 1 2 3 4 5 6 7 8 9 10
0 1 2 3 4 5 6 7 8 9 10

--- Expected output (text)---
start
strato:0
0 1 2 3 4
1 2 3 4 5
2 3 4 5 6
3 4 5 6 7
strato:1
4 5 6 7 8
5 6 7 8 9
6 7 8 9 10
7 8 9 10 0
strato:2
8 9 10 0 1
9 10 0 1 2
10 0 1 2 3
0 1 2 3 4
end

Test 3: C
--- Input ---
3 4 5 100
-0 -1 -2 -3 -4 -5 -6 -7 -8 -9 -10
-0 -1 -2 -3 -4 -5 -6 -7 -8 -9 -10
-0 -1 -2 -3 -4 -5 -6 -7 -8 -9 -10
-0 -1 -2 -3 -4 -5 -6 -7 -8 -9 -10
-0 -1 -2 -3 -4 -5 -6 -7 -8 -9 -10
-0 -1 -2 -3 -4 -5 -6 -7 -8 -9 -10
-0 -1 -2 -3 -4 -5 -6 -7 -8 -9 -10
-0 -1 -2 -3 -4 -5 -6 -7 -8 -9 -10
-0 -1 -2 -3 -4 -5 -6 -7 -8 -9 -10
-0 -1 -2 -3 -4 -5 -6 -7 -8 -9 -10

--- Expected output (text)---
start
strato:0
0 -1 -2 -3 -4
-1 -2 -3 -4 -5
-2 -3 -4 -5 -6
-3 -4 -5 -6 -7
strato:1
-4 -5 -6 -7 -8
-5 -6 -7 -8 -9
-6 -7 -8 -9 -10
-7 -8 -9 -10 0
strato:2
-8 -9 -10 0 -1
-9 -10 0 -1 -2
-10 0 -1 -2 -3
0 -1 -2 -3 -4
end

Test 4: D
--- Input ---
3 4 5 1
-2

--- Expected output (text)---
start
strato:0
-2 -1 -1 -1 -1
-1 -1 -1 -1 -1
-1 -1 -1 -1 -1
-1 -1 -1 -1 -1
strato:1
-1 -1 -1 -1 -1
-1 -1 -1 -1 -1
-1 -1 -1 -1 -1
-1 -1 -1 -1 -1
strato:2
-1 -1 -1 -1 -1
-1 -1 -1 -1 -1
-1 -1 -1 -1 -1
-1 -1 -1 -1 -1
end
