Test 1: A
--- Input ---
1 2 3 4 3 2 0 8
0 1 0 1 0 1 0 2
2 8 3 1 3 1 3 1
9 2 3 1 0 0 0 1
7 3 3 2 2 2 0 3
6 4 2 3 1 0 1 1

--- Expected output (numbers)---
0 0 0 0 0 0 0 0
1 0 0 0 1 1 0 0
0 1 0 0 0 0 0 1
0 0 0 0 0 0 0 0
0 0 0 0 0 0 0 0
0 0 0 0 0 0 0 0

Test 2: B
--- Input ---
1 2 3 4 3 2 2 8
0 1 0 1 0 1 0 2
2 8 3 0 3 1 3 1
9 2 3 6 0 0 0 1
7 3 3 2 2 2 0 3
6 4 2 3 1 0 1 1

--- Expected output (numbers)---
0 1 0 0 0 0 0 0
1 0 0 1 1 1 1 0
0 0 0 0 0 0 0 0
0 0 0 0 0 0 0 0
0 0 0 0 0 0 0 0
0 0 0 1 0 0 0 0

Test 3: C
--- Input ---
3 2 3 4 3 2 2 0
0 1 0 1 0 1 0 2
2 8 3 0 3 1 3 1
2 2 3 6 0 0 0 1
0 0 3 2 2 2 0 3
6 0 2 3 1 0 1 1

--- Expected output (numbers)---
0 0 0 1 0 0 0 0
0 1 0 1 1 1 1 1
0 0 0 0 0 0 0 0
0 0 0 1 0 0 0 0
1 0 1 1 1 0 1 1
0 0 0 1 0 0 0 0

Test 4: D
--- Input ---
3 2 3 4 3 2 2 0
0 1 0 1 0 1 0 2
2 8 3 0 3 1 3 1
2 2 0 0 0 0 0 2
0 0 3 2 2 2 0 3
6 0 2 3 1 0 1 1

--- Expected output (numbers)---
0 0 0 1 0 0 0 0
0 1 0 1 1 1 1 1
0 0 0 0 0 0 0 0
1 1 1 1 1 1 1 1
1 0 1 1 1 0 1 1
0 0 0 0 0 0 0 0
