Test 1: A
--- Input ---
1 2 3 4 1 2
0 8 0 1 0 1
0 1 0 2 2 8
3 1 3 1 3 1
8 2 3 1 0 0
1 1 7 3 1 2
2 2 0 3 2 4
2 0 1 0 3 1

--- Expected output (text)---
0 0 0 0 0 0
0 0 0 0 0 0
1 0 0 0 0 0
0 0 0 0 0 0
1 0 0 0 0 0
0 0 0 0 0 0
0 0 0 0 0 0
1 0 0 0 1 0
end

Test 2: B
--- Input ---
1 2 3 4 1 2
0 2 0 1 0 1
0 1 0 2 2 8
3 1 3 1 3 1
2 2 3 1 0 0
1 1 7 3 1 2
2 2 0 3 2 0
2 0 1 0 3 1

--- Expected output (text)---
0 0 0 0 0 0
0 0 0 0 0 0
0 0 0 0 0 1
0 0 0 0 0 0
1 0 0 0 1 0
0 0 0 0 0 0
1 0 0 0 0 0
1 0 0 0 1 0
end

Test 3: C
--- Input ---
1 2 3 0 1 2
0 2 0 1 0 1
0 1 0 2 2 8
3 1 2 1 3 1
2 2 3 1 0 0
1 1 2 3 1 2
2 2 0 3 2 0
2 0 1 0 3 1

--- Expected output (text)---
1 0 0 0 1 0
0 0 0 0 0 0
0 0 0 0 0 1
0 0 0 1 0 0
1 0 1 0 1 0
0 0 0 0 0 0
1 0 0 0 0 0
1 0 0 1 1 0

end

Test 4: D
--- Input ---
1 2 3 0 1 2
0 2 0 0 0 1
0 1 0 2 2 0
3 2 2 1 3 1
2 2 3 1 0 0
1 0 2 3 1 2
2 2 0 3 2 0
2 0 1 0 3 0

--- Expected output (text)---
1 0 0 0 1 0
0 0 0 0 0 1
0 0 1 0 0 1
0 0 0 0 1 0
1 0 1 0 1 0
1 0 0 0 1 0
1 0 0 0 0 0
0 0 1 1 0 0

end
