Test 1: A
--- Input ---
60
0 1 2 3 4
5 6 7 8 9
10 11 12 13 14
15 16 17 18 19

1 11 21 31 41
51 61 71 81 91
101 111 121 131 141
151 161 171 181 191

2 12 22 32 42
52 62 72 82 92
102 112 122 132 142
152 162 172 182 192

V
4

--- Expected output (text)---
start
4 9 14 19
41 91 141 191
42 92 142 192
end

Test 2: B
--- Input ---
59
0 1 2 3 4
5 6 7 8 9
10 11 12 13 14
15 16 17 18 19

1 11 21 31 41
51 61 71 81 91
101 111 121 131 141
151 161 171 181 191

2 12 22 32 42
52 62 72 82 92
102 112 122 132 142
152 162 172 182

V
4

--- Expected output (text)---
start
4 9 14 19
41 91 141 191
42 92 142
end


Test 3: C
--- Input ---
52
0 1 2 3 4
5 6 7 8 9
10 11 12 13 14
15 16 17 18 19

1 11 21 31 41
51 61 71 81 91
101 111 121 131 141
151 161 171 181 191

2 12 22 32 42
52 62 72 82 92
102 112

H 2

--- Expected output (text)---
start
10 11 12 13 14
101 111 121 131 141
102 112
end

Test 4: D
--- Input ---
9
0 1 2 3 4
5 6 7 8

H 2

--- Expected output (text)---
start
fetta richiesta vuota
end


