Test 1: A
--- Input ---
0 0 1 1 2 2 3 3
0 0 1 1 2 2 3 3
0 0 1 1 2 2 3 3
0 0 1 1 2 2 3 3
0 0 1 1 2 2 3 3
0 0 1 1 2 2 3 3


--- Expected output (text)---
start
1 1 1 1 1 1 1 1
1 1 1 1 1 1 1 1
1 1 1 1 1 1 1 1
1 1 1 1 1 1 1 1
1 1 1 1 1 1 1 1
1 1 1 1 1 1 1 1
end


Test 2: B
--- Input ---
0 0 1 1 2 2 3 3
0 0 1 1 2 2 3 2
2 1 1 1 2 2 3 3
0 3 1 1 2 2 3 3
0 0 1 1 2 2 3 3
0 0 1 1 2 2 3 3


--- Expected output (text)---
start
0 0 1 1 1 1 1 0
0 0 1 1 1 1 1 0
1 0 1 1 1 1 1 0
0 0 1 1 1 1 1 0
0 0 1 1 1 1 1 0
0 0 1 1 1 1 1 0
end

Test 3: C
--- Input ---
0 0 1 1 2 2 3 3
0 0 1 1 2 2 1 2
2 1 1 1 2 2 1 3
0 3 1 1 0 2 0 3
0 0 1 1 2 2 3 3
0 0 1 1 2 2 3 3


--- Expected output (text)---
start
0 0 1 1 0 1 0 0
0 0 1 1 0 1 0 1
1 0 1 1 1 1 0 0
0 0 1 1 0 1 0 0
0 0 1 1 0 1 0 0
0 0 1 1 0 1 0 0
end


Test 4: D
--- Input ---
0 0 1 1 2 2 3 3
0 0 0 1 2 2 1 2
2 1 1 1 2 2 1 3
0 3 2 0 0 2 0 3
0 0 1 1 2 2 3 3
0 0 2 1 2 2 3 3


--- Expected output (text)---
start
0 0 0 0 0 1 0 0
0 0 0 0 0 1 0 1
1 0 0 1 1 1 0 0
0 0 0 1 0 1 0 0
0 0 0 0 0 1 0 0
0 0 0 0 0 1 0 0
end



