Test 1: A
--- Input ---
3 08 00 00
0 0 08 00 00
0 1 08 00 03
0 2 08 00 00
1 0 08 50 46
1 2 08 51 15
1 1 08 51 18
2 1 09 34 16
2 0 09 35 10
2 2 09 45 15
-1

--- Expected output (text)---
start
gara regolare
end

Test 2: B
--- Input ---
5 12 00 00
0 0 12 00 00
0 4 12 00 00
0 1 12 00 03
0 3 12 00 01
0 2 12 00 00
1 0 12 50 46
1 2 12 51 15
1 1 12 51 18
2 4 13 31 12
2 1 13 34 16
2 0 13 35 10
2 3 13 20 10
2 2 13 45 15
-1

--- Expected output (text)---
start
3: salto sensore
4: salto sensore
end

Test 3: C
--- Input ---
5 12 00 00
0 0 12 00 00
0 4 12 00 00
0 1 12 00 03
0 3 12 00 01
0 2 12 00 00
1 0 12 50 46
1 3 12 50 55
1 2 12 30 14
1 4 12 51 15
1 1 12 51 18
2 4 13 19 01
2 1 13 34 16
2 0 13 35 10
2 3 13 40 10
2 2 13 45 15
-1

--- Expected output (text)---
start
2: tempo sospetto
4: tempo sospetto
end

Test 4: D
--- Input ---
7 12 15 10
0 0 12 15 10
0 4 12 15 10
0 5 12 15 11
0 6 12 15 12
0 1 12 15 13
0 3 12 15 11
0 2 12 15 10
1 0 13 05 56
1 5 13 06 05
1 2 12 45 24
1 4 13 06 25
1 1 13 06 28
1 6 13 06 44
2 5 13 33 50
2 4 13 45 11
2 1 13 49 26
2 0 13 50 20
2 3 13 55 20
2 2 14 00 25
2 6 14 00 35
-1

--- Expected output (text)---
start
2: tempo sospetto
3: salto sensore
5: tempo sospetto
end
